Manhattan
60
-3000 -3000
-2997 -2994
-2990 -2989
-2987 -2984
-2981 -2982
-2972 -2981
-2970 -2974
-2970 -2965
-2967 -2959
-2967 -2953
-2965 -2947
-2964 -2939
-2957 -2930
-2955 -2930
-2953 -2927
-2946 -2922
-2937 -2920
-2935 -2912
-2926 -2905
-2923 -2899
-2922 -2897
-2913 -2894
-2912 -2885
-2908 -2878
-2900 -2874
-2895 -2874
-2892 -2868
-2891 -2868
-2885 -2865
-2883 -2865
-2877 -2864
-2872 -2859
-2868 -2852
-2862 -2847
-2856 -2838
-2853 -2831
-2849 -2826
-2847 -2821
-2843 -2814
-2839 -2810
-2836 -2810
-2829 -2802
-2823 -2794
-2815 -2790
-2812 -2789
-2808 -2780
-2806 -2780
-2800 -2772
-2791 -2770
-2785 -2764
-2781 -2755
-2776 -2755
-2772 -2747
-2765 -2746
-2758 -2744
-2751 -2742
-2749 -2736
-2748 -2736
-2742 -2735
-2737 -2726
3
0 0 -2737 -2726
-4000 -4000 -3000 -3000
-2837 -2800 -2829 -2802