Euclidean
60
4383 -4114
-2223 1915
2793 3335
386 -4508
1649 -3579
-2638 -4973
3690 -4941
2763 -1074
-4460 -1574
4172 736
211 368
-2433 1429
782 -3470
-2138 123
-933 -1865
-1071 4802
-978 -1942
-1931 3167
-3607 3456
11 3042
1229 2373
-579 -81
-1216 3537
198 -676
3315 -630
1413 -1474
1091 3980
4956 -3127
1862 4170
1996 2281
-2695 -4075
2084 1327
-4664 1505
-4154 -3271
-3687 857
1124 -1105
4582 -4455
3814 -1633
434 -4636
-957 -1250
-3913 1808
2276 2178
788 -1416
403 -2349
-2246 -2601
4932 60
4676 -1632
2739 -4988
1226 3586
3094 2539
-4205 -4430
-3566 -4622
2467 1601
-4903 -2098
-1683 -4508
1652 -4244
2301 -4720
-714 4441
-1135 4689
3444 1619
3
-2248 -2688 -2246 -2601
1300 3412 1226 3586
-3499 1000 -3687 857