Haversine
100
128.362 33.244
83.035 18.158
91.977 13.298
93.611 32.463
135.475 13.239
96.250 13.338
93.902 47.928
121.454 5.029
77.171 36.968
123.979 43.334
116.200 15.475
87.434 27.329
74.543 39.542
100.971 50.565
132.969 4.377
91.879 26.904
91.078 13.760
122.651 24.513
103.806 17.706
86.419 4.206
89.010 5.732
88.950 8.889
96.735 30.565
132.834 36.985
80.918 19.301
81.003 50.136
93.690 11.482
121.831 21.912
130.290 24.645
126.681 49.092
112.365 42.393
92.733 49.998
107.673 8.036
105.821 8.587
110.107 39.013
131.969 53.161
84.044 17.498
102.636 9.003
125.458 13.271
131.444 53.305
77.460 34.843
130.358 29.572
116.283 39.978
112.310 43.205
116.090 21.472
84.329 41.223
76.656 3.815
93.997 10.152
113.217 49.572
83.863 41.438
88.209 40.083
128.870 22.044
97.544 28.623
121.368 48.438
89.991 50.411
111.583 4.045
129.760 50.707
76.550 53.462
86.562 39.153
108.669 11.133
95.124 29.102
80.365 19.643
126.583 8.823
87.217 47.756
120.870 36.368
134.167 38.246
106.422 40.843
97.704 42.917
134.824 10.236
106.598 4.091
117.656 32.048
118.118 44.985
97.004 24.740
119.852 24.037
130.785 4.230
116.209 25.146
111.801 21.729
91.065 25.180
89.948 13.621
118.030 14.910
105.623 14.516
125.508 17.974
120.140 31.544
121.881 43.443
118.050 49.380
77.023 45.601
125.671 7.217
119.041 5.303
134.232 6.246
107.719 33.612
108.970 41.116
103.479 51.272
112.600 27.174
115.521 4.471
130.844 36.646
135.021 26.898
120.313 26.211
91.275 41.587
115.573 3.371
77.095 4.632
100
115.911 37.738 116.283 39.978
93.295 19.430 91.078 13.760
117.928 39.370 116.283 39.978
96.870 22.323 97.004 24.740
92.592 18.861 91.078 13.760
78.481 7.437 77.095 4.632
78.842 7.730 77.095 4.632
102.203 26.641 97.544 28.623
82.032 10.311 88.950 8.889
90.440 17.118 91.078 13.760
86.976 14.314 89.948 13.621
109.224 32.324 107.719 33.612
82.414 10.621 88.950 8.889
94.185 20.149 97.004 24.740
81.846 10.161 88.950 8.889
107.310 30.775 107.719 33.612
73.766 3.620 76.656 3.815
134.641 52.900 131.969 53.161
103.729 27.876 97.544 28.623
119.637 40.754 116.283 39.978
112.068 34.627 107.719 33.612
82.159 10.414 88.950 8.889
123.036 43.505 123.979 43.334
111.221 33.941 107.719 33.612
130.445 49.503 129.760 50.707
130.829 49.814 129.760 50.707
128.475 47.908 126.681 49.092
134.496 52.782 131.969 53.161
113.164 35.514 110.107 39.013
102.474 26.860 97.544 28.623
134.953 53.153 131.969 53.161
90.310 17.013 91.078 13.760
105.275 29.128 107.719 33.612
128.593 48.004 126.681 49.092
127.321 46.974 126.681 49.092
129.002 48.335 126.681 49.092
98.653 23.766 97.004 24.740
128.746 48.128 126.681 49.092
100.994 25.662 97.004 24.740
111.328 34.027 107.719 33.612
107.357 30.813 107.719 33.612
114.259 36.400 116.283 39.978
131.652 50.480 129.760 50.707
98.028 23.261 97.004 24.740
132.731 51.354 131.969 53.161
87.730 14.924 89.948 13.621
135.212 53.362 131.969 53.161
105.583 29.377 107.719 33.612
78.520 7.469 77.095 4.632
107.010 30.532 107.719 33.612
97.505 22.837 97.004 24.740
75.124 4.719 76.656 3.815
100.285 25.088 97.004 24.740
99.580 24.517 97.004 24.740
108.460 31.705 107.719 33.612
88.206 15.309 89.948 13.621
86.589 14.001 89.948 13.621
121.971 42.643 121.881 43.443
128.409 47.855 126.681 49.092
133.609 52.064 131.969 53.161
131.339 50.227 129.760 50.707
131.369 50.251 129.760 50.707
131.055 49.997 129.760 50.707
132.031 50.787 129.760 50.707
101.623 26.171 97.544 28.623
108.519 31.753 107.719 33.612
122.055 42.711 121.881 43.443
118.994 40.233 116.283 39.978
105.642 29.424 107.719 33.612
109.708 32.716 107.719 33.612
104.615 28.593 107.719 33.612
78.961 7.826 77.095 4.632
92.202 18.544 91.078 13.760
117.434 38.970 116.283 39.978
123.975 44.265 123.979 43.334
86.287 13.756 89.948 13.621
75.632 5.131 77.095 4.632
129.105 48.418 126.681 49.092
91.988 18.371 91.078 13.760
87.883 15.048 89.948 13.621
105.000 28.904 107.719 33.612
89.828 16.623 89.948 13.621
78.297 7.288 77.095 4.632
111.266 33.977 107.719 33.612
121.544 42.297 121.881 43.443
123.198 43.636 123.979 43.334
113.507 35.791 110.107 39.013
135.410 53.522 131.969 53.161
98.740 23.837 97.004 24.740
128.391 47.840 126.681 49.092
85.302 12.959 89.948 13.621
134.315 52.636 131.969 53.161
77.063 6.289 77.095 4.632
124.793 44.928 123.979 43.334
85.244 12.912 89.948 13.621
100.660 25.392 97.004 24.740
128.638 48.041 126.681 49.092
94.919 20.744 97.004 24.740
109.392 32.460 107.719 33.612
100.741 25.457 97.004 24.740
